183524697547869123629317458235698714471253869896741235354176982962485371718932546
284359176315627894679841523857294631426713958931586742192478365568932417743165289
593826147247915683618734952371482569469357821825169374154673298986241735732598416
576849213981326574243175896837591462162784359495263781358612947624957138719438625
987312645564987132231645879192463758678521493345798261853174926429836517716259384
249316857365897241871425396134968572786542139592731468613259784427683915958174623
176539428295841367348762519614327985853496271729158634582973146967214853431685792
183674952562981347794235681928146573617358294435792168271869435359417826846523719
857642931492173865361859274523794618978361452614528793189437526245916387736285149
431286579957143862268957314184379625526418937793625148675832491849761253312594786
128645379964378251753219846436951728871462593592783614687124935315897462249536187
847531962562749183913862475756914328431628597298357641384295716679183254125476839
674813925391652784582947163427395618163478592958126347739281456846539271215764839
478963215529741683613258479867432591345196827192587364234679158751824936986315742
381796542726154398594328761643519287875263914219847635432671859167985423958432176
524613897186947532937528164653491728418762359792385416849136275365274981271859643
562871439837469152194325768481592673623718594975643281348257916716984325259136847
548162937913487526726395481361954872897213645452876193285741369134629758679538214
745281936813956427629374158384692571967513284251748369596127843432869715178435692
748621359326759418591834726987513642614298573235476981453982167172365894869147235
238174695416895327957326481172439856349658172865217943683742519524961738791583264
683912457742635891159748236975186342214397685368254179437561928596823714821479563
245697381198352764673184295956843172732516849481279653324968517567421938819735426
824615397516973482973824561657249813381567924492381756769452138245138679138796245
658742391731859642942316857297638514165924738384571926529487163813265479476193285
453617892918253746726849513835124679274936158691578324349765281167482935582391467
872395146145268937963714258387156492251947683496832571619473825538629714724581369
158239647347856921296714385483971256629543178715682493972365814561428739834197562
351924768749386521268751493497163852123875946586249137835412679974638215612597384
364871952719523648528469713183942567457638129692157384241795836876314295935286471
362194875589273614417856923231587469948631257675429138794362581156748392823915746
297863514836415972154927863615389247783241695429756138571638429962574381348192756
715243986863759142924861753697524831138697425452318697541936278386472519279185364
849173562721569834563824179638741925917352648452986713275638491396415287184297356
219457836637819245854623971145978362396245187728136459481762593572394618963581724
978345612631827594542619738386751249719482356254963871497238165865174923123596487
267431589541982763938675421625148937183729654479356218894563172752814396316297845
738514629612987453945236781354861297186792534297453168879645312521379846463128975
721438956594612738638795421162579843873241695459386217285963174346127589917854362
713985426682413579459762318521674893836129745947358162364891257278546931195237684
152634897839751624476892531328947156941563278567128349285419763793286415614375982
536487192241963857879125463924718635713546928658239741387692514465371289192854376
815764293436829175972135468548397621691482537723651849169543782354278916287916354
724183965513946872689257314297315648146728539358694721875462193932871456461539287
197682345586134729234759816413597682768423951952861473345276198879315264621948537
762453819345198276918276543174325968296814357583967421837642195629531784451789632
751298436946753821823461597237685914568149273194372685315926748679834152482517369
689147352724536918135892764278964531916358247453721689567419823842673195391285476
847921356632587491159364827264738519571649238983152674495216783726893145318475962
756194382981326574234875619397512846162483795845769123428651937619237458573948261
976483215354129678812675439543961827269738541781542963497816352125394786638257194
526381974719264538843795612291453786387916425465872391172649853638527149954138267
267983154954127638138564792579318426382496571416752983721635849895241367643879215
451628973927341865386759241894512736615873429273496518739265184548137692162984357
678945123143728965952136847396417582417852639825693471234561798761389254589274316
318594267679218534254637198942385716536179482187426359763852941491763825825941673
138725964629834175547961832961372548472158693385649217296487351814593726753216489
186734259257198346439265781678412593942357618315689472794823165863541927521976834
857693214164725389329841657641982735298537146735416892916374528473258961582169473
175849623238156749946273815517392486384615972692487531829761354761534298453928167
537189246128764539649532187386271954751493862492856713914625378863917425275348691
371624895429758361658193247137286954946531782285947613864312579793465128512879436
365981274714526839289473156971368425452719683638245791143857962527694318896132547
158973246697412583243685719465839127739124658812756394921347865576298431384561972
231948756486157329975632418154389267862571943397264581519823674648795132723416895
753821946629734581814965327185396274342187695976542813261458739537219468498673152
825346719637195248491872365269451837513987624748263591382719456954628173176534982
974518362153962874862734951425896713397421586681357249738149625546283197219675438
258934671937165824614287539869743152173526948542819763496371285385692417721458396
314652987769831524852749613295416378673928451481573296536287149947165832128394765
835761249946523871217894635394618752651247398728359416189436527462175983573982164
817245639325679418496318752754193826268754391931826574689532147143987265572461983
479583621813269457526147389645391872738425196192876543957638214384912765261754938
851672943342198657796354821419586372675231498238947516587423169963715284124869735
192875634538964721764123589327651948816249375945738162479312856651487293283596417
538167924297543168416982735724315896365798412189426573951234687643871259872659341
586724913321859476479613852762391584895476321134582769648137295953268147217945638
935478621187926543624153789792345168418697235356812497579284316843761952261539874
821569347547183629396274815264835971938712456715946283172398564453627198689451732
259134687487695213163782549392816475516427398874953162638549721721368954945271836
829137654734659812561482973682345197145796238973821546357218469418963725296574381
675983124428615793139724856517496238892137645364852971953261487781549362246378519
583472961924136758716589243378945126452618397169723584637254819291867435845391672
451389726923765841687421539564873192279146358318952467195238674732614985846597213
846521739325978164179634582691782345452396871738415296284167953513849627967253418
961352748875164923324879561153728496692435817487691235546217389738946152219583674
369175284457328916128469735746583192835912467291647853672831549513794628984256371
615347982849612573327589164563824791792156348481973625956438217178265439234791856
612589734895473126374162859136245987547918263928736415463827591789351642251694378
783461259926785413154923678695138724871542936342697581219856347437219865568374192
745816239389542617162379584826957341571234896493168752654781923937425168218693475
825467193417398526639512487964781235351246879782935614148679352293154768576823941
278639541951428367643751829782514693536297184419386752125963478397845216864172935
918257634542936817763814259437192568189765423625348791376429185294581376851673942
983721564654389271712456983867195432149832756325674198598243617271568349436917825
412765839378192564659483721735248916186359472924617358861574293543926187297831645
762153849938476521415829736329764158687531294541982673174695382893217465256348917
573182649128496537496573821381629754952748316647315298835961472214837965769254183
217854639346792518985613274872946153169325847534178926753269481498531762621487395
891673254756294183324851769645732918239518476178469325512946837963187542487325691
925684173681573942374219685258391467167458239493762518842936751519847326736125894
265381479983764125471592836618235794524679318739418652147926583896153247352847961
923654781651837429874912563347286195568149237219573846782391654436725918195468372
594368721817429653623175849276954318948731562135286497352617984481593276769842135
926347581537281946418695732285769314649153278173428695751836429392514867864972153
398652741472391856561478239847529613156783492239146578783965124924817365615234987
548632179263971548791854632684795213375216894912348765837569421159427386426183957
573694128214378965986251437348769512165842793792135846651427389427983651839516274
461583927239147685785296143673428519892751436514369278348915762157632894926874351
354169728792548316861732594918473652627951843543286971285394167439617285176825439
486732195137965482592814736713456928859127643264389517345271869621598374978643251
215683947674925138983714562521497683839256471467831259796148325158362794342579816
683975124951264387427381659719536842234817965568429713395148276172653498846792531
243167958615498273897325146156974382928653417374812569589246731731589624462731895
593817624867942135412563978128734569659281347734695812276159483941378256385426791
456239781321874569987156234264391875738425916195768342643982157819547623572613498
823971645154263978976845132712584396489136527635792481591328764348617259267459813
485912376163745982792836154521687439934521867876493521349268715617354298258179643
648259137593817264217364895865471923172693548439582716351948672726135489984726351
973256481584913762162478395316547829745829613829631547651394278437182956298765134
841623759295187634637549182723956841954831276168274593316798425579412368482365917
754391862138276594269548713413765928576982431982134657697823145821459376345617289
795631284283459167614278359579384621821567493346192875932746518158923746467815932
891542637236917854475638219167329485984751326523864791348196572712485963659273148
265431987837956142194782356589624731372198465416375829943267518728513694651849273
473182596859637421612954378524861937931275684768349152345726819187493265296518743
371642958845931627629875143568314279192758364734296815217489536953167482486523791
987645231142379685563812974835197462724536198619428357498761523251983746376254819
549371268812659374736428915481297536397546821625813497164935782958762143273184659
937681524416572938528943716861429357792356481354718692685234179179865243243197865
142563879593781624768294153675932418381475296924618537259346781836127945417859362
527839461361574289894612375435791628912486537678253194786125943259347816143968752
947526831563819427182473965426197358859364172371285694718632549694751283235948716
256198743178435926349267185497823561813659472625714398534986217961572834782341659
894625731213479568765138942481396257536287419972514683158762394629843175347951826
294367158517298436863145279638951742471682395952473681125739864786514923349826517
482936571136457892597821643623794185859613427741285369914578236378162954265349718
915234876423687591786915324378496152651872439294351687169528743537149268842763915
372146859168529734495378162653784291817295643924613578239867415741952386586431927
976831524152497683348526971619358247725149368483672159237985416591764832864213795
298471635367589142541362978784215396629837514153694287436158729875923461912746853
624173589897654123315928476562397814438512697179486352986241735241735968753869241
785912643316854792924673581579381426263497815841265937198526374452738169637149258
473198562519627834268534917384279156627315498195846273952463781846751329731982645
234561897586972143791483562362854971917326458845719236429137685153648729678295314
726835194193764852854291763639457218517682439248319675361928547485173926972546381
534921867791846523286753194468537912315298476972614385859372641123469758647185239
764839152253471896819652743127946538945183627638725914491268375382597461576314289
342716895156389742978245163631972584729458316485163927513694278894527631267831459
538691724946237581217584396874316259169852437325479168653148972781923645492765813
869534271421976853753812496248165739635749128197328564582691347974283615316457982
675918423218435796349267851437592168982671534561384972123859647894726315756143289
259183764731469582468275391183956247574812639692347158325798416817634925946521873
823519647145376928697482513258694731461837295379125486714958362982763154536241879
296745831147283596358196742819657324425931687763428159572364918981572463634819275
361524978249873561578619234136958742854762319927431685715246893683195427492387156
462183759359627481718594236125746893843259167697831524571368942234915678986472315
574392816629187534318456729786219345132564978945738261851623497267945183493871652
421983576657214398398765241982457613736198452145632987519826734273541869864379125
861753429452189376973462851385694217297518634146327598529876143614935782738241965
674218935893675412125439876957382164486751329231946587768593241349127658512864793
853617924149235867762489315684921573317548692925376481438192756296753148571864239
251379486978465123463821957186957234392146875547283619614532798839714562725698341
129348765475296381386517249961783524243651978857924136538479612612835497794162853
139462587547893216268517943391285764826741395754936128472659831983174652615328479
764921358928563174135847962853794216219685743647312589481279635572436891396158427
293751468851346927476928135982514673534687291167239854728493516319865742645172389
614925738283647519975381426521439687367518294498762153149856372856273941732194865
213849675786135429459276831197658243642391758538724196364912587921587364875463912
519426837684375129372819564863594271245167398197283645756931482921648753438752916
549861723826973451713452689167598234952734168384216597235187946478629315691345872
326947158948651273517238694289576341153482967674319825465893712732165489891724536
341685729725194368896723514219568437438917652567342981674831295153279846982456173
512394867893576412746812935267943581439185726185267349658429173324751698971638254
951648327248173956367529418426795831175382649893416572519264783784931265632857194
893654127164728935752193846371586294289347561645912783528461379936275418417839652
261473895957168423348259671129587364683941752574326189496812537812735946735694218
473126598529384671681957234754263819916548723238791465142635987395872146867419352
834927561196584723725316849482795316561438972973162458258643197317259684649871235
238764195165392874497815326819573462624981753753426918576148239341259687982637541
483216975769845231512739864691473582837592416254681793148327659975164328326958147
532768149769241835148395726851436972973812564624579318415927683296183457387654291
583416927129375468674298315451723896267984153398561742736142589845639271912857634
359426871412987563687531294825379146743165928196248735964812357538794612271653489
749532861128469357356178924475826139861943275293715486514287693687391542932654718
582497613941362857763815492896534721327189546154726938438971265615248379279653184
572346918416798352839251476651487293983512764247963581398625147124879635765134829
965173482248659317731248596593416728417832659682795134376981245129564873854327961
843597621765132984291684357539261478426758139187943265954376812318425796672819543
142769835836451279975382614658937421419526387327814956763245198291678543584193762
835624197417539826269871354572983641681452973394716582928367415746195238153248769
873215946496837521521469783389756412264981357157342869712594638635178294948623175
314652789278493615659871423492386571185947362736215894561724938827539146943168257
892346157415792638736518924643857219189234576257961843974625381328179465561483792
751694328846523719239718456185267934372459861694381275568932147413875692927146583
431287965657931248289546173794352816526819437813764529178625394945173682362498751
185794326679235841432681759754926138391548672826173495968457213217369584543812967
312467985567938142984125736496853271723619458851274693178546329635792814249381567
753128964962347518418965372321574896649812753587693421176489235234751689895236147
634721895729485316815396427942657183376148259581239764253914678168573942497862531
378261549256749381941538276514982637629375814783416952192857463465123798837694125
346851279817692435259473168183549627465287913972136854638925741724318596591764382
124765893563829174789341625978513246215476938346982751497638512631257489852194367
153264897274893516986715342395648271812379465467521983628457139739182654541936728
439128657857496312216357489625914738943875261781632594172569843594283176368741925
753289416194765382286134795619827534375946821842351679527413968968572143431698257
926751438851423796374896251249178365138645927567932184713589642495267813682314579
926537814834192576175684923391746285567928431248315769413879652682451397759263148
934562781721849563568371429475293816896417235312658947247135698189726354653984172
584967132271354986396812547629435871753189624418276359145623798967548213832791465
734869125182475693695132748461523879578691234923784561216348957847956312359217486
519634278682719435374285619756841923843972561921356847195427386468193752237568194
956123874138475962472698153781964235624531798593287641215749386849316527367852419
391765248564238179872941536923857614146329857758416923617584392289173465435692781
357142968429678135681953742512364897764819253938527614846231579275496381193785426
198456732352789416674132598423695187567813924981247365245961873739528641816374259
698754312327961458451328967136547289275689134984132576542873691869215743713496825
156729483497368251238415976713892564842657139569143827625974318981536742374281695
642751938917386245358924761264175389891463572735892416589637124176249853423518697
643185972295736814187429653769218435538947126412563789926371548874652391351894267
148692357697385421532741968351269784869574132724813695483126579975438216216957843
342165987819723456756849132687512349594386721123974865475698213968231574231457698
425879316763125489819364752276541938534987261981632574392716845157498623648253197
619234758375869241248751396564987123932516874781342965826175439157493682493628517
125948763783651249694723158916837425847592316352164897578216934461379582239485671
694182573821573964375649218163924785258716439947835126412398657736451892589267341
795238614248716593136459278587641329619382457423597186851964732974123865362875941
863275194291648753754913682615792348382564971479381265948136527537429816126857439
751438269482976513396251874943587126827169435615324798169842357238795641574613982
974612358163875924852934671549263817281597463637481295716328549498756132325149786
415789263628134957937562814561348792273951648894276531749623185182495376356817429
952716834317854962486239715823475196579162348641398257264981573795623481138547629
386459172942176583751823694697312845435987216128564937873295461214638759569741328
437618952562394781981527364819265473753489126624173598146752839395846217278931645
647318952819752436253469817935146728126873594478925163762594381584631279391287645
495126738873495621162387594326514987519678243784932165637241859241859376958763412
748532619196478523352619487583147962967325841421896735814753296679281354235964178
249365817768914325513872496674598231952631784831427569387149652126753948495286173
943265178586741923271938465827359614154682397639417582462173859715894236398526741
476391825158462937293587146841635792365729481729148563584216379637954218912873654
786243519129758364453196278261879435874531692395624781617485923532917846948362157
176952483534816297892734561745693812921478635368521749417289356659347128283165974
986471532347529861521836497295168743138745629674293158463917285819652374752384916
892135647146798523357426918915847236734562189628319475479253861581674392263981754
816572394294631857735489216172893645459267138683145972347928561568314729921756483
953217864418693527672548391261784953345962718897135642584326179739451286126879435
512893476349617258768452193957321684481769325236584719174935862825146937693278541
269173845874652319315849267581234976943786152627915438792461583156328794438597621
159234768873695124624817359967451832215983647348726591481362975796548213532179486
418957632756328914392416587134695728967281345285734169671542893523869471849173256