158723469367954821294816375619238547485697132732145986976381254841572693523469718
372451869691827354458936271543768912789512436126394587215689743937145628864273195
594823671263517489178694352327965814486172593915438726839256147752341968641789235
569718432148326597372495816423971658715863249896542173651237984987654321234189765
764192853329785641815436927271649538948513276653278194182354769537961482496827315
142768953735249618698315274213687495584193726976452831869571342421936587357824169
762159438915348762843672951621437589487915326539286174174863295398524617256791843
567912438834675129921843657146537982392186574758429361285394716619758243473261895
698412375453978216721356489172643958849527163536891742267189534315264897984735621
617324859298516347453789216172648593935172468864953721746231985381495672529867134
813726549276954831594183762139572486768349125452861397627418953385297614941635278
714695382985231674236784159652178493143956728897342516321867945579423861468519237
487529316139768254652314978768931425913452867524876139241697583875243691396185742
918624573253897146476531982365172498147983265829465317582719634694358721731246859
986152374742863951135974826254638197673491582819725643461289735597346218328517469
214863597763591428985247163176459832392618754458372916831924675527186349649735281
962578431813294576745136928127463859538719264496825317281957643374682195659341782
236847591914652378758913462849561237162739854375428619697285143421396785583174926
642918753953427618718653492834279165296135874571864329325781946487596231169342587
627815493845397612139264785396528174418736529572941836951483267763152948284679351
567294813849371652231685497485129376913867245726453981654912738192738564378546129
863941527749582613512367498327419856954836271681275349135694782496728135278153964
137452869694817253582693714458731692973264185261589437829175346715346928346928571
628437519145986237397251684453129768961378452782564391874693125239715846516842973
417985362385672419296314758168523947952847136734196285623751894841269573579438621
631275984842913657795864213276458139159637842384192576927541368418326795563789421
483671259729458613516932748941867325637125894852394176178546932294783561365219487
325917846789264531614853297476538129853192764291746385537489612148625973962371458
385294617192763845746185239523971468417658923869342571934516782278439156651827394
653714289819625347427893615974352861385961472261478593138247956546139728792586134
237619485945728136168435972682173594473596821519284367854362719796841253321957648
318597246649182573572364198823741965497256831156839724785623419931475682264918357
253741689419862537768593412384617295675329148921458763846235971597186324132974856
743196528186452793529783416435978261617324859892561347974635182261847935358219674
521769438386452719794318562659287143132694857478531296865123974917846325243975681
415298367896371524237465891958613742723549186164827953582134679349786215671952438
916385274328476915754921683892654137641739852573812469267548391439167528185293746
567432891912586347843917526734891265258364719196275483321658974685749132479123658
245769381671843592893512674329456718156287439487391256912675843538924167764138925
298645371576213948134789625762351894841976532359824167615432789927568413483197256
592647831186923547743581269439768125261359478857214396374895612928136754615472983
516347928273859614948621573361278495794165382825493761152736849689514237437982156
314279586925618743867354129652937814173482695489165372236841957798523461541796238
723954681148367259965128734276531498839642517451879326384795162612483975597216843
567284391348159726129367854835612479972548613416973285684791532251836947793425168
975341268684529173213876549597634821368912457421785396852197634736458912149263785
593462817284317659176985243712538964365249781849671532421896375938754126657123498
784263915963851247152974386528736491637149528491582673279315864316428759845697132
941628537376945218582371469214736895835219674697854321728593146163487952459162783
631895427728461395945237168562379841394618752817542936289154673176923584453786219
578362194624791358913854672851276943247935816369148527492613785786529431135487269
139485672586927413724361958263874591857193264491256387345719826978642135612538749
826475319143986572597231864765123948931748625482569137378692451219354786654817293
924816735653472189781395624319624578548937261276158493837241956462589317195763842
968734512371952486425168973194586237537219648682347159756493821843621795219875364
146728953239415876785639142368952714571843629492167538954276381827391465613584297
164539278973842651582761394428357169657918423391624785819273546735496812246185937
795634281842715963136982574513267849928453716674891352459376128287149635361528497
894217536123645879756983412517832694948156723362479158631794285285361947479528361
178635294624918375953742681849357126731426859265891437317269548582174963496583712
168432579459678231273195846534289617682714953791563482945327168817946325326851794
427536981318297645956148327693714852782653419541982763835429176269871534174365298
953126874184573269627948135835469721461782593792351486379814652248635917516297348
179548326564329187328167945951876432432915678786432519247651893693784251815293764
574963812168724539239581467783415926425679381916832754857296143691348275342157698
128496753394275168567183924472639581631528479859741236286917345715364892943852617
875639241142875396396421785783542169421796853659183472568314927914257638237968514
345872691261459873879136542712395468683741259954268137197524386538617924426983715
735624198829571436416839527981456372573912684642387951297163845154298763368745219
471963582926584317358721469815637294234819675697245138769352841543178926182496753
721548963358629714496173582569734128137852649842916357974261835683495271215387496
849623157763514928251789643382146579574932861916857432137468295698275314425391786
617289354359147682842536791125694837938751246476328519294873165763415928581962473
293148657576392481814765329439571268185624793762839514351287946648953172927416835
672483159531962748498715623829541367145637892367298514786129435913854276254376981
981236574724958163653174298196782435478563921532491786349817652817625349265349817
369214578485739612127865439853126947742598163916347825594673281238451796671982354
432659871985713642617428395876145923259387164341296758593874216728561439164932587
315892674698147352247653198769485231431279865582316749856724913174938526923561487
951386724476912835832475961394261578165837492287594316543129687618743259729658143
459728163381596472726134985293687514165942738847351296912463857678215349534879621
185973624249856731736142958352684179678591342491237865513729486924368517867415293
276819534193654782485273916861732495524961873739485621657128349342597168918346257
178249653265831794943576812589327461721465389634918275397654128812793546456182937
632157984579438261841296735796541823254863197318972456485619372123785649967324518
143782956792536184685194327439615872257948631816327495961273548328451769574869213
872395164691842357453167289928473516736519428514286793367921845185634972249758631
345987612821365947769241358687539124213478596594126873138792465452613789976854231
325617489716489523894532716257943861481276935639158274143725698978364152562891347
189467352234815796675293418547936821396182574821574963958321647462758139713649285
682193745571642983493857261356419827248375619719268354134926578965781432827534196
134297685652318794879546213496851327783429561215763948948635172567182439321974856
816795324295483176347162589572814963963257841184936257751629438428371695639548712
327415698914876523658392147875621934496738251132549876249163785563287419781954362
627345918149678523385291674294167385516832497873954162962583741451729836738416259
546872931231946857798135462985327146364518729172469583453691278629784315817253694
297415863431876952586932147352148679174369528968257314825694731719523486643781295
482367915675198432391542678128435769753689124946271583839714256267953841514826397
781624593542793618396851427154972386273468159968315742815236974439587261627149835
386175942712934685549826173293487561154263897867519324671348259435692718928751436
376819542941572368582643179819365724763124895425798631154237986238956417697481253
361472958924185763785369124593627481816943275247851396452716839179538642638294517
174698253683275419592134786856327941347981625921546378735862194468719532219453867
137852496629471583845936172796314258514268739382597614458123967261789345973645821
291483576563217498847659312678194235952836147314572869436928751785361924129745683
853291674479356218612847593245178369367925481981634752126583947594712836738469125
584236917961785432273491586346129875752348691198567324417953268835672149629814753
639218754721564938584379162815632479973451286246987513468125397352796841197843625
674825931298431765135796842453978126716352489982614357529143678361287594847569213
524637891197854623836129574749581236368972415215463789483296157672315948951748362
179642358352879461864135927785316249246598173913724685497283516521967834638451792
598461372147283695632795481923674518864512937751938264315849726279156843486327159
123958467859476321746132895614823759285719634937564182478395216392641578561287943
315798642642153789879264315531946827286375491794821563958432176123687954467519238
897451623614392758532786941128945376473628519956137482765819234241563897389274165
864357291932861475751924683329546718576138924148279536485712369617493852293685147
178345926596782314423619857345176298819234765762958431251497683687523149934861572
649381725875692143312475986753816294428937651961524378286149537194753862537268419
372168459689524137145793682521976348498235716763841925234689571816457293957312864
148365972235978416796421583314792658689154327572836149867543291953217864421689735
675319248231874956894265173967183425342956781518427639489632517156748392723591864
512867349673945812498123567749386251856291473231574698987452136324619785165738924
658932471347156892912487563579248316863719254124365987435691728791824635286573149
369814527841257693572396148738421956125689374496735281957143862683972415214568739
512637984436189275978425316164392857257841693893576421745268139389714562621953748
634178592918526437527394816852439671769215348143687259486751923375962184291843765
576413289384295671921786534153872496798641325462359718617538942249167853835924167
287591463394762851165843297419285376652374189873619524736428915521936748948157632
624915837953278416781463295496837152218594673375621948837146529549782361162359784
371845629264931758895762134752196483689374512413258967148629375527413896936587241
987546123431972586265813794394285617172634859856791432619357248748129365523468971
915436872472851369836792514184679253659243781723185946561927438247368195398514627
549318627178692453263745918314276895827459361956831742631584279485927136792163584
398152746417368529265947813572831694941625378683479152134796285859213467726584931
948217653362985741157346928295178364416539872783624519621853497879462135534791286
396482571245371869187659324421965783579238146638147952712894635953726418864513297
924537681183296754675841293851372946792468315436915827217684539368159472549723168
916437852753928164284615739162893547879546321435271698691382475328754916547169283
357412986492687351168395742723548619945136278681279534539861427216754893874923165
213975468457682391698143572329758614764231985185496237942867153576314829831529746
824639715753218469169745328478921653936854271215367984347182596682593147591476832
396784215875312469241965387127548693683197524459236178532679841918423756764851932
256984317431267958879153624927315846564892731183746295698421573312578469745639182
726539184398412567514867923675984231249173658831625479987246315463751892152398746
652749813418653279397128465184537692273986541965412387536891724841275936729364158
156973842439628157278514693762351489841269375395487261983145726617892534524736918
271456839568793124439281675152679483946328517387145962614937258725814396893562741
375619824169428735284573961897241653512396478643857219456932187921785346738164592
813672495249815736657493812934167528765238149182954367398746251471529683526381974
763259481549618327128473695391842576287165934456937218915384762672591843834726159
918754362467132895253986174175269438829341657346578921581697243634825719792413586
359814627716523948248976315635781492984362751172495836567239184491658273823147569
693518427754269183128743659239674815567831942481952376875196234942385761316427598
765421893924385167318976542539164278176258439842793615457819326693542781281637954
695374128827916435143582697538291764276845319419763852964157283351428976782639541
437158692516972834928346571784293156251764389693581247345627918172839465869415723
824375916791846253356192487182754369649213875573968142268437591417529638935681724
962748315813925674547613829691837542258469731734152986326574198485391267179286453
876942513549138672321675948453761289218359467697824135184293756732516894965487321
459638721768241359231759486975864132184923567623175894842597613597316248316482975
618347295549218763327956814783561429162439587495782631854123976936875142271694358
734658291859412736612937548378129465945863172126745389497281653581376924263594817
216793854857124396394856712689437125435219687721685439178962543542371968963548271
145327698873916452296854173618735924359462781427189536781693245564278319932541867
854721693976835124321694578647912835532486917189573246498167352215348769763259481
743526891182379456569184327391467582654218973278953164936745218815632749427891635
312896547495172863678453192857261934164739258923548716741685329236917485589324671
871532496653419782942678153238941675469357821517826349724193568185264937396785214
748253916361978425295461738154687293987132564632549187423796851516824379879315642
752619843134782596986453271367524189521897364498136725879361452243975618615248937
814293576365147892297568341582914763971356284436872915648735129759421638123689457
913824567652173984847956312471685239569312748238497651796541823324768195185239476
596483271287619543431572896128756439964231758375894162612945387843167925759328614
527391864369874125418526937794652381681943752253718496935467218176289543842135679
489567312561238794732941658673814529215379486894625173356192847948756231127483965
925637481436821579817549362781954236649213857253768914392186745568472193174395628
463578129978412356521936748356894271187325964294167583832741695615289437749653812
149635782762849351853217694936482517518793246427561938695174823381926475274358169
763984215824157693195263748289745361651839472437612859576321984912478536348596127
631974258279658413458321697523749186194586372867213549985162734742835961316497825
835174629249365718716892453198256347654937182372481965587643291961728534423519876
514726983789435621632918457396852174827143569451679832145367298963284715278591346
158743962974526183362819547591432678286175439437968215619287354745391826823654791
837612459145897632962534718423159867691783245578426391354271986786945123219368574
612387954745962381389145627897524163563791842124836795436278519271659438958413276
194783562673245981825619374237961458981457623546832719769124835452378196318596247
169485237724139685853672419396824751471563928285917364532798146647351892918246573
278456913643192758195873642712649835956328174834517269529731486381964527467285391
186257943732469158495138276368941725954372861271685439627893514549716382813524697
957362481261458973483197256876241395512936748394785162629814537135679824748523619
386921457927456813145837926213685794769314582854279361472198635691543278538762149
769384125145629387283751964514872693627943518398516742831267459472195836956438271
362974158459218736718635924876142395925863417134759862241597683687321549593486271
345781962169523748872649315258136479791458623634972581517294836923867154486315297
561897243497123658823654971938276514275341896614589732389465127746912385152738469
849315276612947538375268419537824961981536742264179853153482697426793185798651324
173296548948357126625814937387461259294573681516928374752689413839142765461735892
239517648845326791617948352751493826368752419924681573183275964476139285592864137
593647182642918573187532649715326894436895721928174356859461237264753918371289465
876543219541279638932168457197854362283916745654327981325691874469785123718432596
594261378386759124172843596749312685823576941615984237267435819958127463431698752
457692813136785492289413765912834576375269148648157239521946387893571624764328951
243687915987152364516394782859713426631429857724865139365978241198246573472531698
917523864548167239236489517895374126164852793723916458351798642679245381482631975
659874231314526789827319645586793412293148567471265893742631958168957324935482176
643591782258376491791428356136985247987264135425137869879642513562813974314759628
146957283395628174728134596214389765689275341537461829951842637873596412462713958
284356719197824536635791284729548163451673928368912457812437695546189372973265841
124359867397168524568742391682415739713896452945237618456971283239684175871523946
478135926369248175512967384684352719297614853153789642926571438831426597745893261
178259643569438712243176598317542869495861237682397154826914375931785426754623981
724658931358917264169432758935164827647289315281573649476825193892341576513796482
541367829623189457987452163215946378496738512378215694152873946734691285869524731
364782591891345762275196483642537918913468257758921346536874129129653874487219635
917264385486153279253798146629871453531429867748536921392647518864915732175382694
234716985958324176761985432472561398589237641613498527146873259895142763327659814
193627548587341926642985713316258479429173865758469231231594687974816352865732194
438925716672841593591637824265389147749156382183472965826713459354298671917564238
379165842425893176186427935812549763534786291967312584651974328298631457743258619
613842795842579136795163824354286971987315462261794358576431289428957613139628547
248356719695718432713294568834567291952481673167923845426135987581679324379842156
194732865625841379873956214469325781351687492287194653516273948738419526942568137
381954726476321589529687134193542867254768391768139452832416975617895243945273618
472586391395712648861439527614923875739158462258647139923865714186274953547391286
318642579574938216269715348936521784742386195851497623497153862185269437623874951
274593168839641257156728943493275681682134579715869432967352814321486795548917326
134589267928761534765432198293857641857614923416293875589346712642175389371928456
653712498982345761174869253526981374819473526347256819735694182298137645461528937
289576341547183629613492758835247916126935874974861235368714592492358167751629483
284963715693751284571248639315627498869415327427389156756192843932874561148536972
795481236342976581861532794628794153517863942934125678186357429453219867279648315
197283456862574391345691278483769512219358764576412839651847923724936185938125647
314596728962187345758234961829641537643758192571923486197462853235879614486315279
186492735932875614574163829253987146498216573617354298321548967869731452745629381
987346521412587936365219478796835142823174659541692783279463815638751294154928367
571492638842637519396158427638925174915743286427816395763581942189264753254379861
876314592132965748594827613721459386985673124643182957268791435417538269359246871
923514786765328941184967532846739215592841673371652894617495328258173469439286157
297641853563982741148375629786534192431298567952167384624753918875419236319826475
723845169986132457451697328234978615597316842618254973845769231169523784372481596
629145738537689241841273965986321457413756892275498613792514386168937524354862179
598461273437258691261739584153847926749625318826193745685974132374512869912386457
527831964816794235349625187238547619974216358651983742185379426763452891492168573
534871962978642513261593874847965321692138457153427689385714296726389145419256738
829437165514296873736851924392645718481973652657128349968514237175382496243769581
129643875746985312583271469612839754935724186478156293251367948367498521894512637
298365174431879652657124983145738296923651847876492315384217569512946738769583421
469752138583941267127836495846527319395168742271394856754683921938215674612479583
374216598216589374859734216487952163563841729192673485625397841731468952948125637
256718439789364125431295786542187693867953241193642857974836512325471968618529374