389251467576948132142367589821694375934715826765823941258136794493572618617489253
692853147134726859587419263915382476478695321326147598849561732761234985253978614
217953864598264137346781952761495328924378615835126479479632581682519743153847296
924738651156249837738615942597382164261497583483561279675923418312854796849176325
921453678378296145564781392245369817617528439839147256453672981792814563186935724
178593426462871953539624187341267598695418372827359641753142869216985734984736215
971386542865472139324159876287591364513624987496738251732965418648213795159847623
547236981286197534931584267619375842372841695458962173795418326163729458824653719
645982371983716245127543689598371426712694853364825197259168734831457962476239518
964821735235697481871534269493286157587149326612375894346912578758463912129758643
129836547867451239354792168795314682243568791618927354576289413481673925932145876
924168753513792846867354291489237165172645938356981427641823579298576314735419682
168754239542396187397812456839471562614523798725968341476285913983147625251639874
183695427592741368476238591859124673247386915361579284938412756624857139715963842
596782341421693785783415269964231578357948126218567934842359617179826453635174892
364195827817432596925768134758219463293846715641357982576921348132584679489673251
687245931231968745549731268123596874956874123874123596765382419312459687498617352
293615847416287359857493126965321478781549263342768591179854632528936714634172985
287541693615239748493678125129486537854397216736152984371825469942763851568914372
869457312124693785573128946235741698798365124641982537952836471416279853387514269
783964521962157384451328679325619748697482135148735296539876412876241953214593867
624719538815623974793584126951847362267351849348962715172498653539276481486135297
671589342938412765425673189547891623182367954396254817869745231214938576753126498
639418275821975643547362981752183496418697532963524817174856329285739164396241758
137452986486791253925836714374189562851264397269375148792548631618923475543617829
897153246546892173213746598189324765754968321632571984425617839978435612361289457
513892467894367125726541389235984671978216543461735298689453712347129856152678934
421598637976134285385762914859473126237816459614925378743259861168347592592681743
498261375361759248527384691985412763136978524742536819213847956874695132659123487
198376254375924681642518739231459867987163425564287913423891576816745392759632148
321496785976528431485731926794852163812643597563179248237985614159364872648217359
574268193832915764691437528753624981126789345948351276319876452485192637267543819
742863591891547362365912874928371645516498723437625918254789136689134257173256489
564189372719632854832745619176893425985426731423517986258364197347951268691278543
794528631285631749163479825371845296426913578958267314817396452549782163632154987
581739462249685173376214859825463791497521386163978245958142637732856914614397528
273914586861523974954786132438251769597638421126479358342165897715892643689347215
875642139429713568613895274352984716946157823187326495761438952594261387238579641
549137628267859431813642975498713256632598147751264893126475389974381562385926714
957238146386154297142796583638549721471823965529671834713482659295367418864915372
673185249248937165591462387829516473316794852754328916185273694462859731937641528
147268935325941768689375412214537896756489321938126547871694253463752189592813674
217365948896417325345928617924153786673842591158679432531784269789236154462591873
831425967574869312692371854967142583253687491148953276415738629786294135329516748
134862579986751423527943168763594281295178634841326795352619847619487352478235916
389154267514762893627983514968345172132879645475621389296517438751438926843296751
318624957625879341794351268249517683567283419831496725953142876486735192172968534
573192684684357291912486753358624917169735428247918365431569872726841539895273146
734851269825964137961732584258617493193248675476395812517489326382576941649123758
971458263832697541564321987647835192128749356395216874283564719716982435459173628
281675439579234168634891572326147985498526317715389246862453791147962853953718624
958164273462739518731852946195687432673425189284391765546273891819546327327918654
513867249942351876867924153459786321781432965236195784124579638698243517375618492
984521376512367489376948125249673851165892743738415962427136598893254617651789234
683714925241359876975268431126487593894635217537192648769841352418523769352976184
376428519129356847548791362863549721215867493794213685432185976687932154951674238
218594673546837912937261854674385129392416587185729346721953468459678231863142795
796423851251687394834951762149862573572394618368175429427539186983716245615248937
879653124513724986426981753298375641735146298164298375647519832951832467382467519
548127963291635847763948125625489731134752689987361254859274316372516498416893572
359746128164528937872931654918267345746395281235814796521683479697452813483179562
164932758758164923329875164245781396697253481831649275473596812916428537582317649
965847231372591684841623597596172843134986752287354169728435916419268375653719428
569143287713286495824795361451679823287431956936528174645812739198367542372954618
167538429254697318398142675975316284413829756682754931826971543739485162541263897
957836421132547689486291357248163795379485162561729834615372948794658213823914576
479281356852436971316597284748925163295613847163874529581749632637152498924368715
217834956896517234345629187532481769189763425764295318953146872621978543478352691
648327159597416238132985647725194386416873592389562471851639724973241865264758913
917624853482953176356871294795238461134567982628149735869415327571382649243796518
812765439543298716769341825981653274657824391234917658398576142175482963426139587
358276419914583762726419835831795246649328157275641983462137598587964321193852674
617584392924613875583927641362891457859746213471235968735468129248159736196372584
578943126943126785126875349859432617762581493431769852284697531695318274317254968
791624835682315497534987261367598124149762583825143976258436719973251648416879352
958423176371698254624175839763982415519346728842517963137859642295764381486231597
261395874743618529589427163417839256892564317635172948354781692976253481128946735
159872364426139857387546129893425671241768593675913248534291786918657432762384915
984312756132675948675948213216483579347569182859721634598237461763194825421856397
243168597168579423597423816639817254782345961415692378956734182874251639321986745
453289167218756943967413852791648325526391478384572619842135796135967284679824531
892765134471923658365481972124579863983614725756238419247856391519347286638192547
362149578794853612851627493917436285485271369623985741236718954578394126149562837
374825916598176432261934587816759324932641758457382169649518273183297645725463891
735628941682419735419357682527861493894273516361945278143596827258734169976182354
452368719763519284981742365218974536345681927697253148836195472524837691179426853
954637281612894753738215694896542317475163928321789465543921876189476532267358149
398146572564972138721385649249731856856294317137568924615827493982413765473659281
925481376473652981861379245217596438359248617648713529784935162192864753536127894
879423615526197438314685297248951763631274589957836124192748356763519842485362971
297183546548296173316574928152347689739865412864912735985431267621758394473629851
514632987836975142279184653642318579987456321351729468795861234468293715123547896
764123985521968473938745261842637159356491827179582346213876594695214738487359612
938461275741235869652978314165387492297514638483692751574123986329856147816749523
751238649463579281982146573628795134197463852534812967379651428816324795245987316
469785312813264795752139648634817259528946173971352864197423586245678931386591427
361742985578913426492658137157236849836594712249187653913875264725461398684329571
938465721214873965567291348392658174186347259745912836423589617679134582851726493
324891657961375482875462319157924836649783521238156794492537168783619245516248973
387926514549138762261547893826713945173459286495682137614875329738294651952361478
965783214134952687728641395847139526516827943293465871671398452459276138382514769
689423157234751869517986432165238974842597316973164528328619745796345281451872693
485769213971325864326418975219834756847651392653972148594287631738146529162593487
739462518542318679186957243461539782823746195957821436278694351314285967695173824
149368572286795341537421968328649715794512836651873294463257189975186423812934657
824936517195872346673415892712593684569748231348621759437259168256184973981367425
283569417517483269946712538479326851358941726162857943791234685625198374834675192
798253461354671829126984573285197634671432958439865217912746385863519742547328196
392876541176534982458129376689342715213795468547681239735218694961457823824963157
359426871872951463164873952638745219291638547745219386526387194417592638983164725
438751926295368174176249853952634718347182695861597342784926531529813467613475289
924837156756124398381695742173246985492583617568971423635418279217359864849762531
235718946467259381981364572629581734518473629743926158876145293192837465354692817
948375126153682794726194853875246931319857462264931578681729345492513687537468219
769823145534916278281547963178462539492735681356198724913674852645281397827359416
596871423843625719712349586468957231125463978379182654284516397951734862637298145
527943186689271435431685297395167842712854369846392571163728954274539618958416723
861495723349728156275613984613957248754281639928364571582146397197832465436579812
654187392128936475973542816462753189587291643319864527731628954296415738845379261
452697318197538246836241597685129734749365821213784659361972485924856173578413962
217594863836712594549638217162459738794863125385271946623987451458126379971345682
961375428248169735573482961159237684836914257724658319695843172417526893382791546
873915624649283715512467389751348296498126537236579841164732958385691472927854163
952678314384521679167349258438752196279186435516493827743265981691837542825914763
894317625312586974567429183736842519981675342245193867153764298428931756679258431
819526437367941528245783196153298764726354819498617253582439671971862345634175982
347216598815749236629385741231467859954128673786593124468972315173654982592831467
341872965725963841986514327619425783472138596538796412297341658863259174154687239
389745126762193854541286973174328695293654781856971432618539247425817369937462518
893427615752631894164589732326194578587263941419758326671345289945872163238916457
259836417387451629461729358573964281824517936196283574742398165915672843638145792
293745816748621359516389724362918475459267138187453962875196243621834597934572681
687423159534918762291576483916842375452137698873659214325791846748265931169384527
471326958259478316386159427198542673532967841764813592625734189913285764847691235
329781564154692378876453291791835642583264917462917853918376425235149786647528139
129574386435628197876193254643951872217386549598247631961435728384762915752819463
725184963863597421194632785218769534349851276576423198952348617487916352631275849
473182695962435718185769342857643921214978536396521874748296153539814267621357489
457618932683492157219357486826749513194235678735186249548923761362571894971864325
158369247423187956796245381835476192647921538219853764571638429982514673364792815
916458723234769518578123946451376892897245631623981475745812369169537284382694157
241573896976824135853691427614258973728936541395417682487365219169782354532149768
235791864486352971719648253867139542951264387342875196678913425523487619194526738
571982643698134275234657198987341562142596837356728419715869324829413756463275981
235791468849326175617548392386914527751283649492657831178439256563172984924865713
514928673983617245267354819458763192796241358132895467329476581841539726675182934
932458617416237589857691432183925764795846123264713895578369241321584976649172358
348296157295417386671538924816749235439125768527683491963871542152964873784352619
856947123437261895291385746985423617674158239312679458728594361169732584543816972
741623598963587241528491376619732485487165923235948617854276139396814752172359864
796385142153472986428961357875193624342658791619247538937826415264519873581734269
862974135517623849394581267283167954479235618156498723728346591645719382931852476
582743196637981542149265387954812763728396451316457928875129634261534879493678215
746289315152376948839541627961832574327415869584697132293154786415768293678923451
298457163537612948614983572326741895759268314481395627865124739972536481143879256
695274813217386954438951627751892346386145279942637581524769138163428795879513462
196527438845396712237814695318759264654281379729643581483165927962478153571932846
429176835876359124531824967268743591915682743743915682184297356657438219392561478
653847192472913865918256734761492583539168247284735916847621359326589471195374628
328691745679354821541278396984127653735986412162435987256843179817569234493712568
394182567685739241127654893439521678816973425752846319543297186968415732271368954
874329651952617843136845927265471398781953264493268715648132579529784136317596482
385279641624518793719364285496123857873956412152847369238691574967435128541782936
618423975349751268257968314486197532123546789975382146591674823762839451834215697
459231876876459231321678594598167342217394685634582719743926158965813427182745963
364895127912376458875241963456938712237154896198627345589712634741563289623489571
574613928163289457982745613831576294456928371729134865245361789397852146618497532
213956487479328156685471293721684539956732814348519762834265971597143628162897345
734912658815367924692584731963128547241756893587493162329671485158249376476835219
517942836268173549439568721852491367971236485346785912724819653685327194193654278
165734928349268517782915643678149352491352876253687491837491265514826739926573184
254871963196345728873962415725189346418637592639524871547213689982456137361798254
563128794412975386789364215258749631371586429694213578825431967147692853936857142
947862153531497826268531497623954718174328965859716234412685379385279641796143582
423769185679518234185243967961437528247856319538192476812974653796325841354681792
148729536627835194359146872795418263463572981281963457514397628872651349936284715
754916832613782495928453761562349178381675924479128653836594217297831546145267389
872396451395714862146285397619873524724651983538429176483967215257148639961532748
643251897581794632927836541239547168714368259856912473498623715362175984175489326
859431627147296583362875419275314896618957234934628751493562178581749362726183945
583169274261475839749823561624731958395248617817956342432597186176382495958614723
137892546485316729962547318723461985841935267659278431216754893378129654594683172
521439768486257193397816245874563912152798436639124857218345679943672581765981324
187435296295761843346298157631524789729183564458679312513947628972856431864312975
576231489394586127182974635958462713423157968617893542761325894249718356835649271
867413295452679183319285476543862719978134652126957348785321964291546837634798521
946285317715643928823179546582716493379524861461398752134852679697431285258967134
729453861456981273831267459193874625582136947647529318268315794975648132314792586
879253641321496875645187239917638524453912786286574913538761492162849357794325168
853921647962748531147356982584267319729135864631894275496513728218679453375482196
691352784735948261842671359928513647564729138317486925453297816289165473176834592
526891473178364529439752681783146295261589734945237168652913847894675312317428956
917243586235968714486571239728139645649857123351624978573416892864792351192385467
964135278217968345583472169735681924841293657692754831328517496476829513159346782
295743861843261975167589243471926538926358417358174629639415782714892356582637194
425673189671985432839142567786514923543829671192367845914238756357496218268751394
542317896867529341193486527784263159235971684619854732456132978978645213321798465
589261743413578629726439185945623871231785496678194532864352917152947368397816254
641257839278391654935468172594126783367584291812739465126975348753842916489613527
139825476864739512527641389681357294392418765745962138416583927953276841278194653
628914375371685429945327618582796143719843256463152987297468531134579862856231794
146239758359817624278456913815963247463725189792148536584671392937582461621394875
682914573519327486734685291491568327265731948378492615856149732143276859927853164
795648321614352978283971645846219537527463189931587462152836794468795213379124856
651927348498531627732486951385164792214379865967852134123795486846213579579648213
241693578759218643683574219328967451174325896965841732516489327492736185837152964
972435816851926374643871529417369285238754691596218437125687943364192758789543162
412965738573184629896732415684327951127859364359416287248671593761593842935248176
968745213372681954145329678436158792789462531521937486617894325854273169293516847
127398645345216897986754213612937584453681729879425361734162958298543176561879432
581294376726318945934675821297831654658942713143756298469587132875123469312469587
493128765652734981871965432748213659265849317139576824524387196987651243316492578
152864973638579412947123865791635248423981657865247391289716534574392186316458729
186497253372865491549213867634571982758926314291348675823159746417682539965734128
941275638785936241236418759453169872628547913197382564379621485812754396564893127
584623179321749658796185423978312546452976831613854297847591362239468715165237984
847153926652789134931462758496537281318294567275816493584621379129378645763945812
794531268836472951125968734267315849958647123341829675689753412572194386413286597
258146973734289165916735824362857491547961238891324756185672349623498517479513682
819234657372568149546179832967823415125496783483751926698312574731645298254987361
521748639347961528986352741263179485174825396895634217612497853759283164438516972
743621958918574263652983714376148592285739641491265387539417826167892435824356179
376291548219584367854763291985176432162435789437829156723648915691357824548912673
486197235397528416152643789734965821628371954519482673841256397975834162263719548
184532679723196548569478213936784152841265397275319486492657831618943725357821964
579218643423697815816435297632759184948361752157842369395176428781924536264583971
289753614137694852645128973713582496892416735456937281324875169968341527571269348
328541976956278314417963285769314528285697143134852697641739852873125469592486731
914768352653412987278935641367594218592871463481326795736159824825643179149287536
126934587395287164748561239471652893689143725253879641532796418864315972917428356
528436917643179258719258643931864725457321896862597134374612589286945371195783462
598261734123794586746538219381475692257619843469823157875342961932156478614987325
361297458574863921928145736853976142216458397497312865689531274742689513135724689
369421578528379641417685329943518267682743915751962834175296483836154792294837156
937854216215796348486321795798615423643972851152483967821539674369147582574268139
812569347635417982749823165526734819374198526198256473967341258453682791281975634
547328619693147825218659437462935178759814263831762594186593742325476981974281356
346251978981674253572389416617842395453916827829735641295163784168497532734528169
783456291126987345549123867417369528638275419295841673861734952952618734374592186
142758963359246871687931245436582197578419632921367584264875319715693428893124756
965134872873265491214978536328419765546327189197586243451893627789652314632741958
618927354593146782724583916381259467976834521452671839149368275865792143237415698
951726384276384159843519672638951427419267538725438961364892715592173846187645293
934768521657321894182495637791842356563917248428653179249586713875139462316274985
674952813235718694198643527829367451746581239513429786482196375361275948957834162
197364825423598671856271934269137458718425396534986217672813549341659782985742163
245917638379685142816342579561894723783126495924753861457231986692578314138469257
198547623654231798732698415973812546465379182281456937546983271827164359319725864
568174239934562781217398465192486357756913824483725196329641578645837912871259643
542769318381452976967318524625134897813697452479285163756841239298573641134926785