325941768648752931971863524569427813713689245482135679136578492257394186894216357
143862579658739214792541836316978452987254361425316798839625147271493685564187923
312947865985623147467851329138764952279185436654392781596478213741236598823519674
812634579947158263536729481791486325328597146654213798265841937483975612179362854
579486123142395867683217594235941678716538249894672351328769415951824736467153982
154628793762934851839157624695743182487215369213869547571482936346591278928376415
347159682815642793962387154179465238284931567536728941421896375798513426653274819
298341675346758291751962438823479516519836724674215389462187953985623147137594862
256178349431692758798354612942563187183427965567981423625719834874236591319845276
123689574798543162654712839912437658386125947547896321479361285235978416861254793
439618725671259834258734916826473159394185672517962483182346597763591248945827361
592876134784391526361245897413568279659724318827139645978613452145982763236457981
413659278926781453857423196298136745135247869674895312362974581549318627781562934
678493251539218746214576893851964372423785619967132485182349567396857124745621938
138547926297613485546829137459172368721368549683954712974236851812495673365781294
274165938869723514513894726742931865958642371631587492396258147125479683487316259
451368927382957641976142835814739562297516384635824719169273458723485196548691273
269573184147892563853164297521749836678315429934286715796428351312957648485631972
837451269612379854954268173341582697786943512529617348268795431195834726473126985
816723945439581627725964381382197456971456238564238179193845762248679513657312894
372456189694831275581297346426375918819624753735189462163948527247563891958712634
915476823867523419324981567256348791481769235739215684548192376693857142172634958
587326914293147685416859273648732159375961842921485736859213467764598321132674598
248539617765218394913467285326941578497852136851673942574396821189725463632184759
273645918958217364416398752629483571587162493341759826195824637832976145764531289
845231697792546318316879254524693781179482536638715429281364975457928163963157842
213789645678435192495216387152398476736124958984567231841952763529673814367841529
579346128683192745412875639167528493938461257245739816794283561321657984856914372
541987236963512748278436519485263971719845362632179854394721685127658493856394127
689432571134759268752186934823691457491375826567824319945267183278913645316548792
461529738359786421287431965816245397745963182932178546594812673123697854678354219
257893164439156287618724593321549876975618432864372951782465319546931728193287645
275894163461532978893761425638159742524376819719248356947685231186423597352917684
143759628756428319928316745692583174875142936314697582567234891281975463439861257
761849253943152876825673914378526149492318765516497328657981432184235697239764581
419372568857461329263598714972184635538726491641935872724813956386259147195647283
436951287297384156185627934714298365953416728628573419372845691861739542549162873
926514738874693125513872469135247896469158372287369514652781943748936251391425687
563429178418765239279831654796312845324658917851947326187294563642583791935176482
832765914416982357759314628645197283173826495928543176381679542267451839594238761
431756289697218354582439761714623895853941627269587413946172538178365942325894176
824917365159643728376852491937521684268479153415386972683294517792135846541768239
673489125145372689892561437956814273318297546427635918561748392284953761739126854
173846925926351748458729631249165873617283594835974162591632487762418359384597216
742365198835719264961248375689451723153627849274983651418572936597136482326894517
198735624245896137736214985357129846862453791419678253623947518581362479974581362
816537294723496851495281376152974683947863512638125749269748135574312968381659427
159683724832174956647259138765841293984325671213796845378462519496517382521938467
792651384865342719341987256139275648528463971674819532956138427213794865487526193
253679418971843256864512397649231875317985624528764931182356749436197582795428163
643728195872159634195643872581392467964517328327486951218965743439271586756834219
478562931369174582251398476612859347597413628834726195743685219985241763126937854
437952816925681374861743529759136248146528937382479165293867451578214693614395782
798124536253896741641357982469512378872643195315978624187435269926781453534269817
497351268812746539653289714321874956569123847748965123275638491134597682986412375
175829346368714952294635187817396524653248791942157863726983415539461278481572639
569127384427836951138459276285913467714682593396745128943278615671594832852361749
279163458453897162618425739342958671791634285586271394925346817867512943134789526
249671538635284719817539426478925163592163847361748952783412695924856371156397284
892635471476192835531487629157948263968723154243516987384279516629351748715864392
456918273187324569932675148218749356743562981695831724374296815569187432821453697
134726859867593241952418376298147635645839712713265498426971583571382964389654127
238759146567143982941286357124395768679428531853671294795814623416532879382967415
562487139817963452943152768184796523725348916396215847678531294259674381431829675
287316495435972861619845327376159248154268739892437516968524173741683952523791684
647593812851426793329817564736149285418652379592378641185734926973261458264985137
418593762765412398932876541694321857827659134153784629289165473541237986376948215
528179634491365827673284915986423751742518369315796248157832496264957183839641572
837215649491637852625948173983451267164372598752896431248763915579124386316589724
678432591192685473435971628741326859289514736356798214817243965963857142524169387
249685173357149682618372954193824567526731498784956231431568729862497315975213846
326854719978136524451927683814362975637519842295748361183275496762493158549681237
324815796716934825985267143452193678831672954679458231147326589563789412298541367
345716892912548376768923541423675918876139425591482763259364187637891254184257639
279345168135682947846197532792456381354918276681723495568239714423871659917564823
381624759745319628629758134192467385453891276867532491238946517914275863576183942
293687451786154923145329867317968245624573189958241376461792538532816794879435612
841752693937168254526934178174625839253849761698317542365481927419276385782593416
769231458251847396834956217147329685583614729926578134618793542492165873375482961
579836412318247695462195738736452981851973246294681357925714863683529174147368529
763415298598273461241689537389142756425796183176358924634527819912864375857931642
147326598852149736693587412428671359739852164561934827314298675986715243275463981
681247935327519468459638271715492683938176542264385719593864127142753896876921354
591728346487356291326194857132947685875263914964815723618579432753482169249631578
349867521852941637176253489583612974497538162261479358734185296625794813918326745
761539428853642971294871653329754186647198235518326749182465397976283514435917862
274186953639425781815739642568273419327914865491568237953842176786391524142657398
964327581251498376873561249528639714639174852417285693385946127792813465146752938
983517624157246839426839571348165792269378145571492386714953268835624917692781453
164873529279451863385629147752964381693187254841235976436598712918742635527316498
412639758397258164658471239265843971831927546749165382586792413974316825123584697
452719368869523714317864925538697142194235876726148593945376281681952437273481659
569384271872159364143726895721635489496218537358497126235961748684573912917842653
429863571185792436637514982312956748754128693968347215891275364543689127276431859
127594386593286417864713592358167924412859673976342851241938765685471239739625148
461759328587632941329481576132897465694125783875346219256914837918273654743568192
478312695369854217512697384796185423843279156125436879237961548651748932984523761
982617435753942681461835297547291368619783542238564719874156923395428176126379854
856924137329715864741638529178256493495371682263849751912567348634182975587493216
891526743724813956563794821136279584459138267278645319985361472312487695647952138
942157368865324719713968542358796421426513897197842635671489253289635174534271986
249156873176839542853427619425683197387941265691275384718392456562714938934568721
283456719415729836967318524542167398698532147731984652324875961176293485859641273
163859247952714683487236951328471596694523178571968432836145729749682315215397864
317892654496135872258746913762514389584963127931287465845629731123478596679351248
812649537593718246476352819129564378765183492348297651281935764654871923937426185
985327641372164985614958237461839752527416893893275416146592378259783164738641529
953176428427598631618423975841352769275961384396784512164239857739815246582647193
784619523613524798295738416479265381152893647836471952921357864368942175547186239
546879321871362459923415687632948175418756932795123864384297516157684293269531748
831952647576341982249867153617538429984126735352794816465289371193475268728613594
983761452127354698654982713246138579871495326395627184719843265538276941462519837
127869435938415762456327918294738651713654289865291374389572146571946823642183597
821593764396147528574682193637825941459761382218934675143279856762358419985416237
239517684418962735657348129925473861841296357763851942172685493584139276396724518
297134586618957324345268719163829475482573961759641832571396248936482157824715693
382154796546897231791362548869573124274981653135426879957648312623719485418235967
293816574581742369674539182347965821128473956956128437735291648469387215812654793
369741582815362497427895316986173254154286739273954168631428975592617843748539621
167832945253941687489765132812359764376418529945276318621594873798623451534187296
274916583581347269693825417869732145145698372327154896938271654412569738756483921
768123549341569782529847163174295638296738415853614927632971854487356291915482376
548632179976184532321957486617493825295816743483725691759268314862341957134579268
734261589165879423829534671582147936673958214491623758958716342317492865246385197
827413659196785234543296781654379812371528496982164375239657148718942563465831927
814695723627831945593472618971283456346157892258964371465728139139546287782319564
147839562852716934936452871714523698569148327283697145498265713671384259325971486
678519324352874916914326578435297681861453792297168453789632145526741839143985267
147982635596731284283645917712596843654328791938174526325817469861459372479263158
687415239412379685935826741851263974729548163346791852173984526568132497294657318
374921865561478932298365741482617359753849126619253487826194573947532618135786294
497156832531928467628347591315784926789261345246593178963812754854679213172435689
253168794418729365976543128839275641645381279721496583397852416162934857584617932
958617234172493586463528791319285647846971352527364918231749865794856123685132479
752163894314879652968254731143692578589437216627518349836741925291385467475926183
428716539317259864695438127531987246784623915962541783173865492849372651256194378
128945736739826415546713829894572361653198247217364598361457982985231674472689153
548269317912753648736481295679812534153946782824537961491325876385674129267198453
172658943485973261936124857354781692268539714719462538643897125527316489891245376
958142673741936258362587491816375942435629817279814365693251784584793126127468539
572163894486759312931824657318647925297315486654982173769231548143578269825496731
951287436267143859384695217573928641498361572612574983825716394146839725739452168
239184657641795382857632149416327895783951426592468713128573964364219578975846231
576421398294358167813976245182697534749235816365814729951742683428563971637189452
469728153783165924125943678542397861376481295918652347857216439634879512291534786
238496751169857423457312698845239176621785934973164582592648317714923865386571249
718962345942375618365481927683714259254839176197256834426593781579128463831647592
846392715357614982129758364481273596792165438635489127918546273274831659563927841
197436582345892617862517934259178463481653729673924851716245398524389176938761245
254981763763524918981637254597846321316275489842319576128453697479162835635798142
725341986894267513163985724931652847587419632642738159319874265478526391256193478
867913245293564871541827639612349587754186392389275164426731958135498726978652413
268957314349281567157463928421795683835146279976328451583679142712534896694812735
285479613461325879379168524843957261957216348612834957524793186736581492198642735
741658392538912647296743581479236815362581479185479263923164758854397126617825934
715832946482965317639417528394628175256371489178594263863249751921756834547183692
657914238249368571138527649823741965561293487794856312385679124472135896916482753
642938715913527648785461392579816234124793586836245971498672153367154829251389467
237986145165423789498715326729641538543298617816537492682174953374859261951362874
734152986612389745895764321568971234279436518143528697986217453451693872327845169
965341782347268915182975463678124539429853671531697824254736198896512347713489256
139765824574298316268431795483129567695874132721653948352986471817342659946517283
632745891548139762971268345854691237193572684726483519269854173485317926317926458
683157294215496873947238651134825967859763142762914538391572486426389715578641329
298451376413672598567839241746385912132964785859127634621798453374516829985243167
419863275352174698678925134836517429741692583295348716967431852184259367523786941
678594123391287564452613978865942731149375286237168495786421359913756842524839617
784536912591284637632917845867345291425891763319672584976153428148729356253468179
724316895165298743398754612581942367937861524642537189819475236476123958253689471
427931586958647312613582947134769825769258134582314679891425763345876291276193458
468235791135947268729816354512698473983724615674153982346571829257389146891462537
726483195839251674514769328987146532451392867263875941195627483378914256642538719
175934286928651374436872915697185423254397168813246759542763891381529647769418532
819645372374892561265731948423958617591267483687314295136589724758426139942173856
287315649136489725594726318619253487352874196748961532821647953473592861965138274
475628931162397485893451267956834712287165349341279856719583624634712598528946173
291875346846123759375649218584261973617934825923758461132496587758312694469587132
638947521927185463541263879365792184489516732712834695196358247873421956254679318
673594821281637459954128637736845192815269743429713568198452376562371984347986215
372618594581497326964253718197524863845369271236781459423976185719835642658142937
926847153571632849843195267194263578258971634637584912462759381789316425315428796
189763254237485961465129783923578146846931527571246398694357812758612439312894675
857934261163257849294186735638791524972345186541628973786513492419862357325479618
325187964946352817187964523768239145512748639439615278671893452294571386853426791
318274569529186473647593281852631794176429358934857126783945612265318947491762835
194573628763428591825169473981256347476831952532947816219385764658714239347692185
167894325248513967953627184436958712529761843871432596382176459715249638694385271
641539827587124963923678451412867395765391248398245176276983514859416732134752689
457381962136295748928467135681952374243176859795834216519623487372548691864719523
674819235135274968982563417819347652347652189526198374258436791761925843493781526
379584612461927835852613794985732146147865923236149587513496278728351469694278351
281647395795283164634519278823761459946325817517498632152876943368954721479132586
941375826876412359352689147423791568195846273687253491264137985518964732739528614
452618379136972458798354621813426597947135286625897134284763915571249863369581742
793465182816792435254138769635814297427659318189273546561387924948521673372946851
541278639273965418698413527326597841854321796917684352139846275482759163765132984
296158347814793652537246891925617483671834529483529716769481235342975168158362974
468732519327591486915468732792856143186347295534129867851973624649285371273614958
937541682458692317162378459341759268725864193896213745574926831213485976689137524
248317956651429783973865142894652371536781294127943865382574619715296438469138527
192734856786529134354861792947618325563297481821345967438156279215973648679482513
751328946846951327932647518379185264124736859568294173687513492495872631213469785
621439785743285169958167234817946523569328417234751896395814672176592348482673951
793458261245167839168329475589672314612934587374581926456813792821795643937246158
534271986812369745769584132627943518498156273351728694943612857176835429285497361
794123865328456179615987342179238456453769281862541937287315694546892713931674528
526941378143827965879356421294735816351268794687194253962583147418679532735412689
432796815198523647765418293371245986289167354546839721657984132924371568813652479
986234175137985426542761398879546213354128967621397854263459781418672539795813642
314975682965382471827164539692413758173658294458729163246897315581236947739541826
298461357576938124314527689945316278823759461761842935459273816182695743637184592
376954821459182376128376594697431258284597163531628947862719435715243689943865712
294837156615429873387615924923568741456172398178394562749281635561943287832756419
583126497426897315197435682278613549351974268964582731649251873715368924832749156
489152367235467981617893542352641798861729453974385216526938174143576829798214635
157689342862473195934251687483165729726948513591732864279316458318594276645827931
261793854957468231834152967523876149749321685186945372615284793492637518378519426
159823476342769851867514293274956318581347962693182745415298637938671524726435189
179386425238745691465291738523179846647853219981462573754938162316527984892614357
675413289823967451914852637269145873481736592537289146798624315156378924342591768
481293657962758413753164829648932175195687234237541968574826391829315746316479582
782345691435169872169782354641978235258631749973524186826497513597213468314856927
437861592618592347295473861153726489746389215829154673982637154364915728571248936
723918465861745293954623718682174359475389621139256847296537184547861932318492576
875163429436529178192748563284631795317295846659874231928416357543987612761352984
514632897273198546968457123391526478847319265652874319126983754789245631435761982
437652819628941537519837264754218396891763452362594178173489625985126743246375981
643872195579164382128935674865793241297541863431628957356287419914356728782419536
763925148259841763148763259915632487386457921427198536831274695672589314594316872
421659783389721546567384192796413258834572619215968437152896374973245861648137925
597238146632914587481567329259183674718642953364795218976821435823459761145376892
293741658746582391158963274625398417937124586814657932589416723472835169361279845
261359478354718629789264351923186547648975213517423896892647135136592784475831962
967315428518924763234786915759432186643178259821659347376541892185293674492867531
523418769914672358786935124872564931139287645465193872297341586658729413341856297
875312649469578312312694587786439125523781496194256873631827954248965731957143268
465937821123458967789261453236514789871692345594873612958726134347185296612349578
367145928418239765592876314256394187941758236873612459784521693135967842629483571
594823761237416598186579342748251639615937284923684175461395827352748916879162453
341986527576123489892754631423679815159438276768215394287561943614392758935847162
374189265168325974952647381647293518215478639839516427581932746493761852726854193
756348219849521673231796854318472965967835421425619738683957142174283596592164387
983621457724935681165784932378146295256379148419258763692813574531467829847592316
965312487817694235243758961586429173721835694439176528158967342672543819394281756
938164275127835964654792183371526498842913657569487321286351749715649832493278516
471235698256789431398641752123574986785963124964128573547312869612897345839456217
527168349184239657963457182416823795859741263372596814741982536235614978698375421
917256438245389671386714592673145829824693157159827346538971264492568713761432985
817463592925718463436925817563281974791354628248679351352146789674892135189537246
813625974267934851459178623534719268792863145186542397928357416371496582645281739